A=[1,3,3,2;2,6,9,5;-1,-3,3,0];